1
1003
10120
10331
10351
10491
10549
10687
10873
10878
10965
10990
11019
11021
11151
1116
11179
11185
11238
11240
113201
11326
113612
119587
1234
124045
1241
125061
1271
1285
1286
1287
129642
131920
1361
1378
140628
144811
147991
151313
154743
158
158158
1604
1641
169355
1880
1890
197257
199
2001
2147
220
2219
2271
23047
23198
23259
2328
23475
23556
240
247
253782
25914
26011
2628
26762
27113
27175
27306
27338
283316
28983
28988
29089
29127
29957
3038
3075
3078
3080
30835
330
3420
3426
348
3569
3575
359
3624
3627
3684
3689
3696
374393
379
384
3931
3976
3977
401562
4048
4051
4148
4179
4191
420
4232
4360
462
48
4868
4953
5019
5091
51083
5134
5199
5315
5347
5367
5396
54187
54206
54498
54516
54552
54947
54960
55218
5533
55366
55591
55789
55907
56267
57082
57205
5730
57494
5877
59350
595
5979
6095
6259
629
6303
6340
6347
6355
641371
64423
6445
64781
6491
653583
6546
7040
7056
714
718
719
727
728
729230
7306
732
735
7357
7369
7431
7448
7453
7498
7827
79036
79133
7980
79814
79879
80213
81494
81610
83941
84002
84075
84823
84870
84969
8526
8547
8611
874
8801
8802
8879
8897
891
8942
89781
899
8996
9021
90624
91012
9123
91373
9332
9334
94015
9498
9536
966
9764
9991
