1
1003
10120
10331
10351
10491
10549
10687
10873
10965
11019
11021
1116
11179
11185
11238
11240
113201
113612
119587
124045
1241
125061
1271
129642
131920
1361
140628
144811
147991
151313
154743
158
158158
1641
169355
1890
197257
199
2001
2147
220
2219
2271
23047
23198
23259
2328
23475
23556
240
247
253782
25914
26011
2628
27113
27175
27306
27338
28983
28988
29089
29127
29957
3038
330
3420
348
359
3624
3696
374393
379
384
3931
3976
3977
401562
4048
4051
4148
4191
420
4232
462
48
4953
5019
5091
51083
5134
5315
5347
5367
5396
54187
54206
54498
54516
54552
54947
54960
55218
5533
55366
55591
55789
55907
56267
57082
57205
5730
57494
5877
59350
595
5979
6095
6259
6303
6340
6355
641371
64423
6445
64781
6491
653583
6546
714
7306
732
735
7357
7453
7498
79036
79133
7980
79814
79879
80213
81610
83941
84002
84075
84870
84969
8547
8611
874
8801
8802
8879
8897
891
8942
89781
899
8996
9021
90624
91012
9123
91373
9334
94015
9498
9536
9764
9991
